90
0 281 0 6 1 180 1368 34 505 3 186 104 11 2 4227 7 4 49 709 18 5 25 4040 3053 6614 8949 251 6779 6045 176 138 797 
1 278 25 1 0 9903 464 58 1403 22 430 178 37 5519 2 323 5361 4 46 364 41 831 5515 1572 5 700 7269 123 3198 14 13 6890 65 240 406 1581 7 9 1089 199 404 485 1290 
2 67 1119 194 4 245 775 8150 0 5990 3 2266 17 23 1072 981 55 344 32 1 28 88 250 236 345 92 26 96 9134 15 37 5 4063 13 2193 9768 21 253 583 2264 3756 1502 
5 0 439 48 452 262 5 11 3016 9 284 1 202 7574 1846 109 28 4790 582 12 37 1740 8 526 2 3 105 412 20 566 4314 1184 1958 859 
6 4 71 17 25 1 9 0 253 3208 22 145 2 2424 338 100 16 47 44 177 1804 1927 3794 46 34 8 378 13 1119 161 193 426 61 139 1016 3244 176 
7 38 74 0 4848 11 303 1 6031 119 848 807 4 170 118 30 5429 4752 31 1315 21 41 1590 5222 7 380 15 6 167 51 331 50 3548 485 948 2 398 66 1296 63 176 
8 278 25 1 0 9903 464 58 1403 22 430 178 37 5519 2 323 5361 4 46 364 41 831 5515 1572 5 700 7269 123 3198 14 13 6890 65 240 406 1581 7 9 1089 199 404 485 1290 
9 293 0 123 1756 174 6 9 676 1 95 3 2 938 187 656 99 7 219 2652 88 5641 951 101 2973 19 232 122 52 20 9442 6234 297 55 15 6729 138 
10 1363 4 33 2 26 1390 836 12 2950 6 2628 559 9086 5638 1041 4372 628 13 338 419 505 0 224 169 101 476 544 1 7 28 9 2848 355 3071 5926 
11 4 9 2 65 167 21 323 0 5 769 75 1011 1 111 203 31 125 725 8601 6408 93 35 3843 6238 225 2187 1429 64 39 22 1728 11 1412 2060 977 8450 554 
12 117 0 29 3 6042 11 45 28 300 154 2 9 2757 116 5762 16 82 333 218 93 12 66 58 33 121 855 2529 40 32 282 1 1229 221 762 2371 19 72 554 
13 6 109 2546 8 0 10 4 342 9677 12 9 1 2 74 409 1293 13 5 463 249 807 226 36 1490 21 14 22 1859 757 3 127 27 69 3262 176 1610 1482 2264 
14 17 1190 71 143 46 0 15 35 231 9 4 34 65 1216 137 233 168 115 355 1861 6979 47 1 3 11 1324 5038 36 710 452 7 3759 33 1126 14 253 8 708 
15 63 119 32 8 3 19 2 0 240 29 2769 47 1 601 1345 60 1225 286 71 17 160 57 9 5812 411 2148 23 11 4 12 984 2960 25 20 37 3266 468 815 1290 
17 28 1436 9798 2844 222 0 12 6249 4 587 5027 289 8 13 258 1 1816 2333 5893 189 2 4807 4335 38 493 3 76 19 249 68 59 187 1951 948 2889 
18 0 18 1687 286 2 3626 95 4 157 10 17 4781 178 56 1 33 1052 465 8703 939 7 242 35 14 362 3 6787 7557 720 356 31 1071 138 5381 
19 203 24 17 4430 0 6 346 2 533 11 9053 4 529 23 4526 1 142 5 2911 19 14 75 131 28 2453 1132 22 114 571 168 3 243 2341 15 170 468 8 55 253 624 5926 1737 708 
20 356 11 662 14 64 495 107 2 1841 16 32 3 770 1 23 17 6 4 0 5 87 919 62 1373 5672 118 27 454 43 75 90 1169 29 587 1117 583 1187 69 1290 2153 
21 0 439 48 452 262 5 11 3016 9 284 1 202 7574 1846 109 28 4790 582 12 37 1740 8 526 2 3 105 412 20 566 4314 1184 1958 859 2264 
22 9 8733 68 244 433 11 0 81 4 4138 5350 2 3 21 207 33 161 1130 10 12 1593 651 2657 75 173 197 134 18 499 7 28 273 19 1888 554 5926 1737 708 
23 4 71 17 25 1 9 0 253 3208 22 145 2 2424 338 100 16 47 44 177 1804 1927 3794 46 34 8 378 13 1119 161 193 426 61 139 1016 3244 176 
24 4 9 2 65 167 21 323 0 5 769 75 1011 1 111 203 31 125 725 8601 6408 93 35 3843 6238 225 2187 1429 64 39 22 1728 11 1412 2060 977 8450 554 
25 12 129 140 101 266 115 0 1235 130 193 5 2 7685 1001 109 138 3 1134 168 37 344 6642 1 433 1048 26 83 4060 1532 4722 57 8 1495 583 2264 
26 28 1436 9798 2844 222 0 12 6249 4 587 5027 289 8 13 258 1 1816 2333 5893 189 2 4807 4335 38 493 3 76 19 249 68 59 187 1951 948 2889 1290 
27 63 119 32 8 3 19 2 0 240 29 2769 47 1 601 1345 60 1225 286 71 17 160 57 9 5812 411 2148 23 11 4 12 984 2960 25 20 37 3266 468 815 1671 
28 42 0 7 1108 432 36 19 46 5412 15 9338 422 1 2 3 478 44 6 1460 21 1552 205 4 3617 588 383 315 1694 815 37 38 9517 708 1263 968 5921 
29 2684 0 67 1 41 1389 350 5020 84 391 37 5 1099 143 11 29 3 2212 2 180 448 9357 153 4 6438 6 197 360 437 9 158 268 968 138 
30 2385 0 22 264 258 612 142 12 3 8365 21 1 4 2 19 234 435 625 517 3502 13 64 1210 1401 58 40 621 418 1332 659 184 16 992 275 9295 36 148 1979 6450 126 
31 5 3618 1530 354 1320 238 0 29 6 3 172 39 5021 5359 4683 53 216 1989 4604 6705 117 2 15 7 1 26 694 143 1088 55 102 27 199 8 69 3097 5921 
32 0 113 81 6 4 2 5 9 2715 1 47 3596 2938 22 12 11 34 66 100 98 20 204 6174 381 7 23 51 67 646 957 3849 5921 
33 31 1 9 6697 4 91 20 0 3699 5 6 602 8488 1011 7 7387 12 539 16 3 5294 3790 22 188 940 2233 73 19 419 231 980 358 2444 708 2848 
34 5038 12 1 2 20 71 0 64 1516 52 5737 4 156 50 11 722 3 6538 2344 14 7 9 17 66 554 68 716 39 6 5 2076 1679 900 1173 1737 
35 8973 272 3 419 2 297 23 1959 88 19 0 28 118 123 646 42 29 6137 14 108 9957 64 1 35 51 7718 235 4 3236 24 8 11 1752 7970 138 
36 26 148 1 1290 15 2979 107 2 3 8 0 406 9798 712 676 6 35 4 17 49 105 206 1005 9562 1481 20 379 336 158 1168 3317 41 1919 989 
37 38 74 0 4848 11 303 1 6031 119 848 807 4 170 118 30 5429 4752 31 1315 21 41 1590 5222 7 380 15 6 167 51 331 50 3548 485 948 2 398 66 1296 63 176 
39 1854 10 68 46 209 186 34 1743 172 2503 1927 86 0 2383 2 49 219 1 256 5 166 33 141 9 792 1150 3 74 322 896 27 468 4768 138 1671 5921 
40 0 439 48 452 262 5 11 3016 9 284 1 202 7574 1846 109 28 4790 582 12 37 1740 8 526 2 3 105 412 20 566 4314 1184 1958 859 
41 7 11 0 1 456 82 2883 21 25 2458 268 3 2 16 4859 5724 619 2683 10 1595 1706 136 69 83 9566 53 20 116 2062 8 372 14 63 28 3975 1572 
42 582 0 151 1257 2624 446 6 990 2862 8 82 203 17 18 57 34 46 315 2 158 3 809 33 10 5492 102 132 4 2033 76 501 9896 3600 204 1224 609 1365 1954 
44 9 33 0 13 1 6643 48 3 7192 5 962 2406 54 3972 21 6 42 50 25 15 5034 11 27 209 53 32 4938 6992 791 63 4 138 708 
45 4253 5 0 1 5226 425 99 1148 156 21 4 12 35 2 26 13 1456 7 2735 53 41 10 51 9 2079 162 70 1368 340 8 290 7147 3 20 52 121 1881 1502 7055 
46 1363 4 33 2 26 1390 836 12 2950 6 2628 559 9086 5638 1041 4372 628 13 338 419 505 0 224 169 101 476 544 1 7 28 9 2848 355 3071 1502 
47 12 129 140 101 266 115 0 1235 130 193 5 2 7685 1001 109 138 3 1134 168 37 344 6642 1 433 1048 26 83 4060 1532 4722 57 8 1495 583 2264 
48 609 99 0 5 2 11 4680 46 1 10 6 71 380 3 15 1232 115 37 5479 109 17 8 382 224 3528 23 57 1866 16 197 95 172 2060 968 6337 
49 6169 0 53 111 778 6 4152 2 1107 117 38 83 1696 1 8 88 3 69 63 90 26 486 66 4964 113 3249 708 936 4 884 24 3499 7 566 3831 
50 10 332 5014 164 112 117 5 72 77 7 56 1 2091 2 1610 0 43 202 31 214 1051 9 25 135 256 2951 4089 6044 20 498 3 58 2575 197 7624 1310 3244 
51 0 1 9234 28 33 4 2 8783 9 213 6 23 4705 597 788 4606 288 78 966 14 13 22 2410 63 200 7 508 21 45 1728 17 159 24 725 334 1989 2420 27 2818 9365 
53 2 510 26 230 7433 23 2282 334 20 4 45 121 216 0 6 369 25 4478 70 225 1 978 184 7981 266 7 100 395 14 295 16 348 2739 3 72 115 9 8 138 968 
54 1506 47 50 7070 0 7 24 5 4 12 2426 3 918 9 132 27 9162 119 6440 1 88 39 126 597 678 6 108 263 761 124 2 468 138 
55 5 2 6 25 0 14 132 1373 117 1184 1107 11 16 108 8 12 18 789 3551 76 3553 40 1197 302 136 37 1 344 27 430 3244 4507 1495 1737 138 1502 
56 31 1414 0 175 10 7170 5 32 89 6 6382 12 179 128 235 1614 2184 9073 9175 2746 1741 11 144 730 55 280 21 7 609 120 
57 7 11 0 1 456 82 2883 21 25 2458 268 3 2 16 4859 5724 619 2683 10 1595 1706 136 69 83 9566 53 20 116 2062 8 372 14 63 28 3975 1572 
58 31 1414 0 175 10 7170 5 32 89 6 6382 12 179 128 235 1614 2184 9073 9175 2746 1741 11 144 730 55 280 21 7 609 120 
60 17 1190 71 143 46 0 15 35 231 9 4 34 65 1216 137 233 168 115 355 1861 6979 47 1 3 11 1324 5038 36 710 452 7 3759 33 1126 14 253 8 708 2848 
61 2 510 26 230 7433 23 2282 334 20 4 45 121 216 0 6 369 25 4478 70 225 1 978 184 7981 266 7 100 395 14 295 16 348 2739 3 72 115 9 8 138 968 1263 
62 47 0 3 2 26 1583 21 45 4 117 5 100 6025 3915 1 12 672 7777 1503 42 17 29 19 24 68 8 169 1591 796 5778 92 38 869 1263 
63 0 2 2178 4 1283 115 188 7820 5127 57 34 56 3 660 5 3100 135 6 3249 425 8 409 9 24 2158 5063 307 1 227 15 21 6549 1397 1554 14 285 138 709 900 
64 0 2 34 352 56 4 282 987 32 299 2145 3 29 10 79 310 565 229 3940 86 373 1 81 6 356 52 5055 89 49 1283 3032 9305 1737 1671 
65 3 0 5 2065 1161 233 8 19 2 14 1489 39 206 9021 43 6 280 123 15 1245 83 329 63 428 323 1 183 6243 2235 156 4182 88 53 57 22 1903 301 9 138 2818 3975 3244 
66 66 39 14 2 118 4129 0 7437 289 523 2219 75 20 31 25 16 58 13 85 1 4 337 169 12 11 7 1806 406 5 176 280 309 554 
67 63 119 32 8 3 19 2 0 240 29 2769 47 1 601 1345 60 1225 286 71 17 160 57 9 5812 411 2148 23 11 4 12 984 2960 25 20 37 3266 468 815 2264 1671 
68 9 8733 68 244 433 11 0 81 4 4138 5350 2 3 21 207 33 161 1130 10 12 1593 651 2657 75 173 197 134 18 499 7 28 273 19 1888 554 5526 
70 293 0 123 1756 174 6 9 676 1 95 3 2 938 187 656 99 7 219 2652 88 5641 951 101 2973 19 232 122 52 20 9442 6234 297 55 15 6729 138 3244 
71 3 1 0 651 663 12 13 8088 2 5 112 84 4370 22 2665 15 4 3003 164 55 5275 443 42 48 111 142 9 6 2477 60 407 4148 327 473 19 114 2591 859 1671 
72 17 1190 71 143 46 0 15 35 231 9 4 34 65 1216 137 233 168 115 355 1861 6979 47 1 3 11 1324 5038 36 710 452 7 3759 33 1126 14 253 8 708 
73 609 99 0 5 2 11 4680 46 1 10 6 71 380 3 15 1232 115 37 5479 109 17 8 382 224 3528 23 57 1866 16 197 95 172 2060 968 6337 
74 12 129 140 101 266 115 0 1235 130 193 5 2 7685 1001 109 138 3 1134 168 37 344 6642 1 433 1048 26 83 4060 1532 4722 57 8 1495 583 2848 3097 
75 356 11 662 14 64 495 107 2 1841 16 32 3 770 1 23 17 6 4 0 5 87 919 62 1373 5672 118 27 454 43 75 90 1169 29 587 1117 583 1187 69 1671 3244 
76 0 113 81 6 4 2 5 9 2715 1 47 3596 2938 22 12 11 34 66 100 98 20 204 6174 381 7 23 51 67 646 957 3849 
78 4 50 1156 26 39 33 0 1042 2 3 5 11 8 1 7 55 1948 35 233 6 17 53 1959 1438 28 19 3324 129 5834 1152 107 1967 152 2579 138 6049 968 3756 
79 762 6 4 141 0 1593 1 1499 11 10 5 33 73 1883 427 1119 3 388 62 1279 2 358 109 8 9 17 8180 28 58 276 57 63 47 245 3561 977 1482 1671 
80 7 11 0 1 456 82 2883 21 25 2458 268 3 2 16 4859 5724 619 2683 10 1595 1706 136 69 83 9566 53 20 116 2062 8 372 14 63 28 3975 1572 
81 0 2 34 352 56 4 282 987 32 299 2145 3 29 10 79 310 565 229 3940 86 373 1 81 6 356 52 5055 89 49 1283 3032 9305 1737 
82 14 8 1 0 21 1759 2 16 9711 6 1606 7 12 3 1937 4 337 32 59 37 5472 94 641 502 839 271 24 1424 60 61 1671 355 9 155 138 120 6656 3097 
83 25 0 39 2132 21 1863 14 38 28 1 15 779 1843 68 157 1623 375 1956 19 4 2195 18 3 7 891 229 2706 3689 519 2 5 129 511 36 7687 27 3767 3975 3244 
84 0 2 34 352 56 4 282 987 32 299 2145 3 29 10 79 310 565 229 3940 86 373 1 81 6 356 52 5055 89 49 1283 3032 9305 1737 3097 
85 293 0 123 1756 174 6 9 676 1 95 3 2 938 187 656 99 7 219 2652 88 5641 951 101 2973 19 232 122 52 20 9442 6234 297 55 15 6729 138 
86 31 1 9 6697 4 91 20 0 3699 5 6 602 8488 1011 7 7387 12 539 16 3 5294 3790 22 188 940 2233 73 19 419 231 980 358 2444 708 1502 
87 1363 4 33 2 26 1390 836 12 2950 6 2628 559 9086 5638 1041 4372 628 13 338 419 505 0 224 169 101 476 544 1 7 28 9 2848 355 3071 
88 47 0 3 2 26 1583 21 45 4 117 5 100 6025 3915 1 12 672 7777 1503 42 17 29 19 24 68 8 169 1591 796 5778 92 38 869 1263 
89 0 500 2051 33 2221 98 238 5 21 2 4 3 1757 227 23 10 7 77 218 351 1896 11 2987 1121 9041 1318 96 13 79 1340 485 9514 
90 0 2 2178 4 1283 115 188 7820 5127 57 34 56 3 660 5 3100 135 6 3249 425 8 409 9 24 2158 5063 307 1 227 15 21 6549 1397 1554 14 285 138 709 900 
91 4 71 17 25 1 9 0 253 3208 22 145 2 2424 338 100 16 47 44 177 1804 1927 3794 46 34 8 378 13 1119 161 193 426 61 139 1016 3244 176 
92 585 40 1054 0 68 2 4630 8 2360 5 25 20 14 4 121 3 475 1 41 7 21 141 50 399 73 30 8444 364 71 24 8948 715 3676 549 
94 16 10 7 1313 316 0 1 26 5442 5 2 68 2631 4 13 49 84 3 1790 25 807 218 1991 77 9652 956 2720 150 75 725 3053 2639 138 554 
95 8 2 19 56 0 3430 3252 5 103 4 93 129 1361 38 37 119 200 5170 15 28 131 3 652 12 94 1 1079 41 44 4386 7 715 65 662 152 27 138 554 7585 
96 2 0 24 18 7884 236 50 1 492 5 72 3000 653 349 17 3 7155 3224 34 11 7 6 112 245 90 1621 25 9 8168 201 1807 45 46 316 10 131 120 356 671 
97 670 31 4 34 0 9 14 99 519 1478 3 658 413 212 1258 13 6 61 2 1992 1002 960 1 278 358 1938 411 5 168 249 4301 6102 4142 5381 
98 14 8 1 0 21 1759 2 16 9711 6 1606 7 12 3 1937 4 337 32 59 37 5472 94 641 502 839 271 24 1424 60 61 1671 355 9 155 138 120 6656 3097 
99 5 3618 1530 354 1320 238 0 29 6 3 172 39 5021 5359 4683 53 216 1989 4604 6705 117 2 15 7 1 26 694 143 1088 55 102 27 199 8 69 708 
