500
0 9503 7186 4486 1435 9702 226 2504 976 9374 8930 5775 5715 
1 7248 288 2562 1732 5983 3670 2504 3962 205 1625 9968 2904 3728 6101 9842 
2 1602 7682 421 7847 6336 1227 2772 6414 2123 693 4683 4079 6101 2962 
3 2802 8572 4485 8613 8081 5187 4576 4277 9238 3630 1980 8738 8893 9933 3726 3429 7997 7379 7575 8832 6613 935 
4 1319 199 5038 7043 3396 4364 6459 3697 5794 5399 4857 2168 8769 1039 8242 4314 1873 5445 5715 
5 7480 8923 5477 9226 7528 7442 5248 7081 9970 7037 5929 6527 7688 8994 2240 7652 5715 
6 1602 7682 421 7847 6336 1227 2772 6414 2123 693 4683 4079 3012 7762 2962 
7 1602 7682 421 7847 6336 1227 2772 6414 2123 693 4683 4079 2288 321 6613 
8 2802 8572 4485 8613 8081 5187 4576 4277 9238 3630 1980 8738 8893 9933 3726 3429 7997 7379 7575 8832 6613 935 321 
9 2129 8999 336 4121 6449 1743 1830 8746 7000 9833 183 9453 5412 6613 
10 3787 259 2956 5023 4490 1450 4183 7289 3672 3714 6694 7121 4087 2856 
11 8851 9085 8898 5582 822 9571 5258 389 3910 4645 1968 9187 7831 8116 1042 2114 3936 6054 6692 6258 
12 4147 5958 9255 2343 6281 6873 652 5387 1217 664 4232 118 6724 3326 4236 1978 917 935 8193 2555 5762 2962 
13 4779 2723 3235 1506 307 9355 6401 3905 701 5337 5244 2196 705 1702 3547 1058 9244 
14 5606 1171 1657 1495 3628 7135 9425 5575 2468 4949 3322 5993 2100 7481 4156 2693 325 4893 
15 6609 5503 9445 7544 6364 1800 9488 8392 6085 9591 2224 8830 2013 1625 2240 1668 
16 3665 3077 7799 2817 7839 6112 9766 3084 9676 2918 7686 5779 4558 6613 3894 
17 3561 9263 5041 1666 1079 1927 6381 7332 7849 3996 4084 5496 7868 753 9007 
18 7846 1270 1956 1901 3096 7968 333 4893 4808 8116 7070 282 2707 442 4728 2643 3936 3074 
19 518 6514 5416 7322 8703 7320 5083 9574 4076 9976 3261 1601 7787 6258 2962 8716 5340 
20 5244 9168 5651 9889 5707 6189 9054 7484 4739 2208 4293 8512 6802 
21 7953 9056 5103 4055 332 2622 4804 5162 7371 4232 5358 7904 1244 1157 
22 3716 9988 1191 9458 8279 1276 3086 9218 1084 632 876 1353 8338 8836 4345 6482 2121 
23 423 3142 2061 9482 745 3949 1147 4704 5990 9120 4056 1289 3163 2 2288 3584 5715 
24 5427 3419 961 3340 4176 4818 6992 992 6551 3597 1039 6945 6482 4352 6327 8994 
25 8543 6231 7137 2845 7322 77 6993 7659 5893 5090 6801 1353 9357 5156 9244 7883 79 
26 8143 173 6247 2155 5355 6816 4581 3813 2991 2176 2569 9991 3316 7732 9545 569 
27 6964 3961 5036 96 3824 1044 5466 3542 3005 8768 4066 8722 9265 5917 246 545 3004 3836 447 7652 7296 
28 7604 7119 4294 7326 6851 2982 505 8043 1841 8133 263 1637 936 835 4045 5412 321 
29 3404 3363 3126 2109 2197 7884 5797 2396 3230 2385 2796 2404 41 4884 7267 4199 5064 6827 
30 1142 4786 5693 5143 9004 4892 7279 6115 5204 4501 8515 7566 898 7891 569 3835 8212 5962 2 
31 7233 7167 6000 4936 863 3913 5124 7204 4935 6474 1188 3513 6140 4504 7542 6262 7055 8487 2555 7413 3982 8125 
32 9856 5523 2126 7873 528 9388 3997 8741 9736 7185 3707 1920 4264 5572 8406 3877 5962 5715 2240 
33 7986 155 537 7279 3991 2760 9351 2395 5812 4415 2418 7713 9144 3106 7736 9199 9301 4311 
34 9059 728 5680 2024 8199 9581 3903 2274 3684 6895 6845 5917 447 9842 79 
35 5601 493 4081 3720 6218 6718 5609 6269 4685 9459 5410 6131 5492 2904 3074 8387 2962 
36 8880 2515 6341 2466 9413 5533 854 4076 216 6588 2404 9741 7956 4340 9007 9545 
37 2067 9980 8340 5963 8571 7042 5019 2666 439 6597 4355 4442 88 569 1524 925 8406 7413 
38 1201 9923 6412 5519 8349 9862 4553 6829 3301 7552 7072 9848 7709 6258 1105 8994 3894 
39 22 4534 7234 3080 8787 885 7407 3242 9954 3597 4702 8133 7996 6614 2740 9013 2001 6765 5064 238 4020 6258 4527 2240 
40 1827 5750 2400 102 1149 6121 7956 6225 8374 7838 8131 5504 5097 
41 6793 4791 2059 7427 8523 2191 6121 5701 367 6330 5643 7210 6528 4901 7153 2 
42 6693 3471 308 4424 9250 8947 8271 5508 8412 4341 7486 3261 
43 8739 2745 70 10 6175 2176 7304 4257 5379 7114 3132 2657 8784 5710 8910 321 2962 
44 6914 1070 157 7877 2532 9388 2877 3306 8265 2138 9573 9063 5064 1774 4156 
45 3416 7117 6548 3193 7916 4929 4302 750 2091 245 5064 2 745 2962 
46 1394 8781 1556 918 6544 8475 6109 391 6933 5773 1125 427 6049 6101 
47 3150 9132 7593 1943 2284 3078 5912 8738 7837 289 1209 1476 7880 9139 
48 1982 231 5859 6972 2872 5493 6481 7671 6915 138 8209 3561 3032 
49 9929 5312 1948 3739 8653 5712 5543 6338 2091 8916 5232 1668 4664 2240 
50 8294 3069 9816 5925 5911 6414 3141 7336 9079 9563 5429 2200 7301 7061 4828 5783 937 5880 321 7120 
51 9302 2736 141 8699 9016 5453 1768 7485 166 1312 1365 4222 1295 6101 
52 613 1274 2234 6950 6419 421 8240 8471 7972 8297 7101 2962 9244 
53 532 8718 8160 4746 4015 4426 8511 5730 5935 8844 6613 3852 7852 8470 7699 3877 6938 427 
54 2773 8593 1440 2012 6777 9821 1536 6926 2028 6112 8410 1259 895 9949 4222 935 7762 
55 7846 1270 1956 1901 3096 7968 333 4893 4808 8116 7070 282 2707 442 4728 2643 3936 
56 7163 2152 3320 4113 8965 8350 9109 2509 2582 3524 3847 9418 5471 5446 9533 
57 524 8353 4505 1683 428 5556 4959 5044 7087 8021 4846 906 2486 5862 6699 79 
58 5351 3312 8954 4869 3580 2802 9422 5537 83 1273 4053 349 4035 2240 
59 7968 219 5729 4538 5044 7414 5109 7513 5857 6910 5553 6117 9007 2220 6141 7438 3012 2 
60 644 3615 2211 5363 5977 2834 3892 925 2426 3770 1699 4348 843 105 1668 5507 
61 2512 833 2054 3227 4051 9340 1093 8610 2701 3657 1696 8259 6095 2128 3673 5775 7652 9968 
62 2125 4395 1362 6857 8219 585 5341 1353 1009 9154 9683 2275 1429 5307 3379 5451 8470 4901 8134 3894 2240 427 5715 
63 4728 8828 8789 3123 8298 5538 472 8434 3579 5257 1973 9216 3784 5341 79 
64 7231 6872 220 8159 5003 8249 11 2467 9576 1890 8069 6492 3964 2340 2986 
65 1674 5923 4301 2389 3796 8459 3573 5946 3553 1542 8521 5269 7180 2867 7206 199 7120 9301 
66 9321 6793 7216 3653 6181 1020 7357 2595 2444 3847 4222 4207 9283 9086 7355 847 6705 8907 3827 3111 935 9545 
67 2483 640 1091 1825 8388 8426 7282 1507 5287 7630 723 4340 719 6423 3012 2962 
68 2610 2741 873 7218 4955 277 77 6488 4227 4823 6515 2340 4326 
69 4322 8805 1928 7188 273 3770 5460 3705 4419 5962 8994 2240 
70 8467 7228 2699 7947 1107 3710 8035 6184 624 7077 4909 5637 7457 
71 7604 7119 4294 7326 6851 2982 505 8043 1841 8133 263 1637 936 835 4045 5412 
72 7885 4429 8263 3320 2235 7123 3125 5728 6052 9387 3741 3100 4304 5807 7586 7713 7949 9244 311 8994 
73 3751 4653 2263 7733 8665 6287 9462 5062 603 8972 446 5787 7485 6021 6547 5064 3304 1710 7699 7762 
74 2757 1063 4999 5077 4212 3522 2706 7489 4346 3850 7919 3666 3 8775 5679 1570 2422 
75 8198 8620 263 2548 6249 812 3933 381 9580 6369 7713 6467 935 8125 
76 2903 8513 9898 1198 7692 7948 9181 6064 6797 2967 8238 5864 4020 
77 6058 1010 3643 9493 3469 1146 7044 8247 2771 2195 3277 5366 6351 9852 3836 6613 321 
78 7122 2368 1200 1549 142 7149 1614 9688 5390 2381 1139 7751 4377 1042 6044 2986 
79 3604 196 1851 4237 106 1419 9075 315 5186 9782 4801 3982 79 
80 4970 751 1383 5348 1420 3841 4036 6446 170 4925 9190 69 5794 1463 2955 6028 8711 960 
81 8311 9505 8925 3864 9282 3776 7361 6825 7534 2240 9970 6358 9676 3741 9168 2185 7713 139 7429 
82 3454 2850 4532 5424 2696 7567 6510 6001 7975 7399 5455 7411 3836 2304 9483 8491 5340 8994 6613 
83 2342 131 3418 9861 657 171 7474 3453 4021 3946 184 636 5225 9709 8671 
84 4985 8864 3121 3864 4963 5078 1351 8732 9968 7527 4344 789 4236 7064 1258 4029 2185 3103 1739 4326 5412 
85 740 2818 7925 913 6232 338 7276 9569 7113 395 6777 3584 7782 7296 7438 3783 2962 
86 3481 5611 605 3356 2848 5743 3505 1293 3439 2684 8540 7883 9404 5880 2240 
87 8169 98 1122 2590 3974 6860 1941 7716 9121 5913 1558 8235 2085 732 1534 9270 1238 7133 1979 79 
88 524 8353 4505 1683 428 5556 4959 5044 7087 8021 4846 906 2486 5862 6699 2288 
89 2497 6054 9676 9235 1940 5391 2468 8164 966 2777 3133 7744 2 
90 5078 961 1299 2109 739 3070 165 4091 1179 364 2618 8728 9477 8242 8134 6071 8812 
91 5244 9168 5651 9889 5707 6189 9054 7484 4739 2208 4293 8512 6802 
92 3216 3600 16 6348 4400 4819 8876 9045 8070 4486 9265 6076 3159 8387 782 4034 9404 3812 321 2240 6258 
93 8880 2515 6341 2466 9413 5533 854 4076 216 6588 2404 9741 7956 4340 9007 
94 7747 7506 1479 7680 2730 6990 9906 7503 5652 1304 4783 5500 5993 4107 4909 1984 
95 4322 8805 1928 7188 273 3770 5460 3705 4419 7883 
96 6640 3051 648 6116 5384 5546 2357 2683 9018 4132 1917 7008 5087 6888 838 3877 7883 
97 6042 7606 8188 6049 308 8465 4541 7647 1184 7548 5227 810 7980 5039 8209 5097 7029 9443 4526 3936 7949 6613 
98 8538 23 4830 1302 6415 540 3392 3908 5436 2655 7732 3012 
99 2497 6054 9676 9235 1940 5391 2468 8164 966 2777 3133 7744 
100 6624 4780 6273 6691 8675 1021 2520 4594 8693 9545 7204 9160 3117 8883 2288 2962 3877 
101 4728 8828 8789 3123 8298 5538 472 8434 3579 5257 1973 9216 3784 5341 
102 4840 5363 5521 5244 180 9687 946 7689 2880 7777 3092 3354 6537 9199 
103 1982 231 5859 6972 2872 5493 6481 7671 6915 138 8209 3561 
104 3376 8510 4906 3502 8583 2583 2465 3241 8921 2546 7865 6270 7713 2457 8445 5639 5304 1289 8008 7795 9007 1668 
105 3376 8510 4906 3502 8583 2583 2465 3241 8921 2546 7865 6270 7713 2457 8445 5639 5304 1289 8008 7795 3012 1668 79 
106 7233 7167 6000 4936 863 3913 5124 7204 4935 6474 1188 3513 6140 4504 7542 6262 7055 8487 2555 7413 9848 5715 
107 7195 5476 6370 2755 7003 2635 2938 2676 6879 2717 571 5389 3758 
108 2212 4431 7470 1890 3780 1353 8924 895 8585 4436 1876 2343 9781 18 1091 5677 2904 4801 4901 321 
109 6636 3902 8674 3637 4015 8057 9130 1060 3744 6325 2480 9908 3869 7474 2128 5715 935 
110 5365 9798 5933 6345 9440 4170 9056 953 5202 9271 6002 1715 829 2052 2184 9461 4340 
111 4986 3755 2796 782 5283 7663 9781 643 6572 9804 9296 4474 7740 2943 6938 
112 2008 3870 4097 7963 2641 4938 3012 2465 2419 4204 7488 4531 3077 9007 321 79 5715 
113 754 3625 8408 8337 9450 9685 7518 5621 4899 3950 7 8445 183 8644 7240 935 3012 1668 
114 316 8383 6826 6961 1809 5865 2179 4132 6288 494 8894 1950 7266 4314 2121 5507 2 
115 6522 8653 3442 6205 7726 8940 1017 8926 412 6810 1429 2858 8663 2643 4901 
116 8566 4559 7758 7561 4803 8638 3480 8962 3283 2403 4011 7039 7026 1956 1134 1791 1774 8145 5412 
117 1336 583 847 8786 6554 468 8493 5115 2979 5386 6338 8424 7734 2730 2003 5295 1982 7498 7193 8431 9007 935 9842 
118 8952 4849 8933 6497 6247 2012 9208 904 4257 2530 8116 6650 4624 2052 9731 2240 2 3894 
119 535 8949 2547 2996 6858 1362 9330 2699 8687 9707 6271 8834 2630 8209 5880 7153 3012 1668 5962 2555 
120 2000 1620 8331 4181 5163 9956 5186 3064 7605 5217 4415 1718 847 4864 9637 2790 6920 9533 3144 2240 
121 3057 7883 7601 6890 8052 2359 9593 7902 5373 6090 5034 6303 2322 3586 6584 2240 
122 3581 6503 3820 9333 6269 4941 9674 1522 2781 2426 6601 3493 4191 844 9144 4780 8580 4071 9301 2962 8994 3894 
123 304 6879 5508 5867 8749 5154 66 5933 9254 740 6865 4966 3836 321 
124 9302 2736 141 8699 9016 5453 1768 7485 166 1312 1365 4222 1295 79 7652 9533 
125 304 6879 5508 5867 8749 5154 66 5933 9254 740 6865 4966 3103 9007 79 
126 9466 2412 1867 5554 4806 517 2243 4638 4130 2002 4780 4020 1625 9842 9007 
127 6914 1070 157 7877 2532 9388 2877 3306 8265 2138 9573 9063 5064 1774 4156 
128 8357 7112 8822 3308 1634 4892 6645 4549 2882 3111 182 1091 5177 7968 321 
129 423 3142 2061 9482 745 3949 1147 4704 5990 9120 4056 1289 3163 2 2288 3584 6938 
130 2000 1620 8331 4181 5163 9956 5186 3064 7605 5217 4415 1718 847 4864 9637 2790 6920 9533 3144 2962 
131 3510 5804 6601 5155 3336 7480 5831 7 5126 4260 8887 8903 6382 8362 5654 1299 8055 8423 5531 1496 719 3894 
132 2824 9001 4763 7215 2071 9167 1509 620 9920 7130 9431 3111 3074 1125 3316 7762 3982 
133 1034 4891 6862 7743 503 1195 2798 7751 7525 2536 5504 9585 7507 8220 7601 9129 321 4352 
134 3501 335 6861 9331 5665 2556 955 7939 3272 6500 6547 
135 293 946 9554 7261 8520 2688 4387 9733 4505 8014 4120 1299 6285 7413 199 2240 
136 9856 5523 2126 7873 528 9388 3997 8741 9736 7185 3707 1920 4264 5572 8406 3877 2 79 
137 7870 7559 8807 4739 8213 7816 7196 663 4938 919 8462 1248 8293 6613 2340 3894 
138 4195 9159 7197 529 9954 6863 379 4749 1773 9280 4933 3227 1749 3567 2643 9244 2986 
139 1767 8699 4908 7811 8758 5481 2319 1323 868 4148 2802 7010 3700 2198 7088 7710 5848 5748 
140 9161 854 6143 5359 1014 1841 4463 6493 3324 6159 9969 4828 8722 4129 6327 
141 7968 219 5729 4538 5044 7414 5109 7513 5857 6910 5553 6117 9007 2220 6141 7438 2 3894 
142 613 1274 2234 6950 6419 421 8240 8471 7972 8297 7101 2962 9244 
143 5478 7503 3325 1710 3067 475 8854 9510 1209 7136 6252 1353 8063 5492 4277 246 2 2422 2155 745 427 
144 3536 6823 1789 7962 2455 7916 1333 7205 2028 44 2668 9461 3894 2288 
145 4995 8580 6089 1665 4998 5566 3808 6755 2593 3183 8070 2203 6295 3792 3543 3981 8671 3012 9007 
146 3376 8510 4906 3502 8583 2583 2465 3241 8921 2546 7865 6270 7713 2457 8445 5639 5304 1289 8008 7795 2555 6613 2962 
147 5282 6931 6216 4531 3885 4065 7674 4843 6744 465 9692 5370 5693 1182 7102 1264 9205 8418 9990 5340 
148 423 3142 2061 9482 745 3949 1147 4704 5990 9120 4056 1289 3163 2 2288 3584 3894 
149 7606 7676 7517 7006 2700 7525 5936 6703 5349 9458 9035 6470 2565 6082 9533 1984 3894 
150 8471 734 5234 3147 2017 7943 4896 1777 3837 3417 4268 9194 1368 3004 9990 5412 
151 7090 8735 4645 2329 7004 4463 6351 7763 7201 1467 7753 9083 3066 1121 148 
152 7904 2228 7500 6762 9640 876 7510 4324 6011 1562 7499 7452 1554 4372 8020 5449 7742 5072 
153 6531 5686 4264 1515 9667 1495 16 4615 8839 1536 1744 4580 5026 3885 3830 9615 
154 7116 6132 3900 322 1916 4347 7975 4511 2399 6653 4755 7425 935 2043 9742 8495 2986 4199 
155 8486 2302 7940 5371 5873 3462 7603 3883 5431 4899 4517 4528 9139 
156 4774 5339 7573 7603 3987 4483 4456 4064 3463 4321 200 8484 3942 4901 5762 
157 4158 4808 8900 3965 6560 1264 7373 4503 4999 5608 3669 9211 7429 3681 3877 9842 3144 1134 6938 9244 
158 535 8949 2547 2996 6858 1362 9330 2699 8687 9707 6271 8834 2630 8209 5880 7153 3012 321 8491 
159 6058 1010 3643 9493 3469 1146 7044 8247 2771 2195 3277 5366 6351 9852 3836 979 
160 7480 8923 5477 9226 7528 7442 5248 7081 9970 7037 5929 6527 7688 8994 3012 2555 
161 102 1267 1000 3742 6160 1839 1463 1346 7607 7302 9147 3972 3098 1020 9623 2962 7153 
162 7163 2152 3320 4113 8965 8350 9109 2509 2582 3524 3847 9418 5471 5446 7652 
163 3310 530 29 286 5016 8241 1055 6720 7038 1134 8387 2943 4985 1868 8284 
164 3481 5611 605 3356 2848 5743 3505 1293 3439 2684 8540 7883 9404 2962 2121 
165 3581 6503 3820 9333 6269 4941 9674 1522 2781 2426 6601 3493 4191 844 9144 4780 8580 4071 9301 7949 3877 
166 9161 854 6143 5359 1014 1841 4463 6493 3324 6159 9969 4828 8722 4129 2240 9075 
167 9350 3599 4824 1996 5211 8664 3479 4066 5611 718 9422 5257 5443 1375 7304 5412 6030 6547 3074 
168 2129 8999 336 4121 6449 1743 1830 8746 7000 9833 183 9453 2962 5412 
169 8943 9224 6676 765 139 7967 4292 3702 7567 9075 5803 2695 1113 4784 9129 3064 2643 5580 6258 2773 6692 4377 7652 
170 3152 1081 1940 7961 948 2998 5527 8764 5926 2210 14 4760 6045 6054 3012 
171 5825 7028 6757 5360 7298 220 3344 9705 7360 4528 6485 979 6672 
172 592 9774 5666 5881 4444 3885 175 6862 5982 8765 4350 9110 6768 2554 3755 5762 6797 8125 8005 9968 3012 321 
173 7849 1785 6375 1958 5447 3315 2282 5880 8759 3413 8107 935 7992 4901 
174 4322 8805 1928 7188 273 3770 5460 3705 4419 3012 7652 
175 8099 6507 6362 2803 2879 27 2113 3748 5909 8658 3481 4542 5926 3134 321 238 
176 7846 1270 1956 1901 3096 7968 333 4893 4808 8116 7070 282 2707 442 4728 2643 3936 321 
177 6599 208 8407 3721 3320 5230 9828 3602 6216 8671 3895 6607 3355 7023 6899 9118 417 9970 3543 7517 3830 
178 932 674 9764 1835 8994 2820 4225 7927 3370 1151 389 5688 496 8134 5412 8125 2288 4199 
179 7953 9056 5103 4055 332 2622 4804 5162 7371 4232 5358 7904 1244 1157 
180 8646 7552 1927 3274 4241 5525 3724 4555 9650 2283 8759 4035 7762 
181 4995 6722 8033 5431 4437 1558 8340 7611 5364 6358 7714 7751 2555 9299 7153 
182 7044 4827 6379 699 6808 7227 4133 989 5168 6078 5990 3752 4786 780 5412 7949 5715 
183 2804 1215 1555 4294 2992 5429 3338 69 645 6938 2587 2291 5548 9290 1343 979 
184 2824 9001 4763 7215 2071 9167 1509 620 9920 7130 9431 3111 3074 1125 3316 7883 7296 
185 5563 6705 8056 8463 5277 3720 581 6373 8748 1380 9766 372 8332 8387 8284 3226 8041 7173 3408 7234 4362 527 7864 2114 3144 7997 3012 
186 8163 7114 2977 1542 1569 9252 3083 2974 7250 2079 2105 6334 5413 7820 3012 148 2288 
187 4913 9079 5350 5022 71 6209 3778 5611 2699 9533 3043 8130 8683 6262 8293 745 4199 5848 7153 427 2327 
188 8169 98 1122 2590 3974 6860 1941 7716 9121 5913 1558 8235 2085 732 1534 9270 1238 7133 1979 2240 
189 7233 5548 8861 7629 9172 3333 1571 246 4420 2484 3264 1058 1072 552 4515 3103 7880 6584 79 7652 935 3074 
190 8098 951 6374 6993 8269 9582 7684 9398 4822 5231 7409 3086 779 9628 8177 9187 8235 9374 8462 1984 7280 9968 
191 5677 8992 9463 2896 5526 1521 8668 2748 8621 2327 3264 9414 1301 3897 369 8994 3753 5715 
192 9015 3267 6875 1733 2186 3397 2085 9186 5660 2864 8310 3774 8820 4647 6613 7615 7762 
193 2934 5548 2074 9696 3111 963 77 3018 4647 3061 1354 8275 8150 8752 7426 6317 2486 6014 3207 6258 4886 935 321 2288 
194 1176 8075 6946 6836 9423 5552 2639 8150 746 2609 7406 7841 4036 3802 3566 1150 4341 3163 7296 1299 5962 3032 
195 7510 3288 1793 7909 9331 1387 1410 220 741 5589 6320 7162 4399 2962 
196 5972 9512 3987 3537 7601 645 7434 3988 2892 9381 6550 7683 1144 5280 2390 1129 3665 8116 321 
197 6338 1927 7638 7307 3595 6331 3394 5782 5481 6192 9323 9842 7949 
198 7627 912 833 1718 3377 3774 6572 9068 7806 2494 1646 9496 9842 
199 5208 7467 3853 2499 7058 8221 4160 8642 1197 9914 6750 1763 4039 8532 6797 7545 3731 8130 4728 8068 3586 205 6613 5962 
200 304 6879 5508 5867 8749 5154 66 5933 9254 740 6865 4966 6938 4340 
201 4134 9642 5824 3895 2160 8619 6307 8072 9163 8822 4455 3751 6044 
202 6599 208 8407 3721 3320 5230 9828 3602 6216 8671 3895 6607 3355 7023 6899 9118 417 9970 3543 7517 3830 
203 6880 205 7991 6378 3128 5720 950 3964 1008 6530 1511 440 8228 7068 9265 
204 8471 734 5234 3147 2017 7943 4896 1777 3837 3417 4268 9194 1368 3004 9990 5412 321 
205 2125 8964 8308 7413 8850 416 877 6934 17 1442 364 8131 1641 6986 6170 5848 2555 
206 1600 2631 5046 5177 2963 9865 702 6991 1080 1871 3404 7822 6534 9990 2327 6613 
207 535 8949 2547 2996 6858 1362 9330 2699 8687 9707 6271 8834 2630 8209 5880 7153 3012 5340 
208 6332 6854 9256 7823 5566 4256 6640 7762 8967 4248 705 8008 210 7904 1323 9573 9615 7285 8812 8130 2327 838 
209 3243 8105 1799 888 4887 7474 7754 3351 5829 5169 4591 5445 8249 3998 6324 8756 3146 1256 5869 9244 2240 
210 2256 1604 4965 419 8918 335 4326 6382 6590 4822 6425 9230 4670 8005 
211 6338 1927 7638 7307 3595 6331 3394 5782 5481 6192 9323 7413 
212 7044 4827 6379 699 6808 7227 4133 989 5168 6078 5990 3752 4786 780 5412 7949 5715 
213 2745 9805 3966 4028 5840 4013 1692 8239 6675 8513 8819 7059 2704 6374 1784 9244 3894 6258 
214 9466 2412 1867 5554 4806 517 2243 4638 4130 2002 4780 4020 1625 9842 
215 5606 1171 1657 1495 3628 7135 9425 5575 2468 4949 3322 5993 2100 7481 4156 2693 325 4893 
216 3581 6503 3820 9333 6269 4941 9674 1522 2781 2426 6601 3493 4191 844 9144 4780 8580 4071 9301 6827 
217 433 5353 2231 5415 9048 1255 9676 3931 553 1871 8248 7359 79 
218 8957 44 6516 131 2032 5566 2007 1257 4797 8057 6774 7867 3215 8782 4034 4907 9848 79 
219 4832 2930 219 997 766 7591 9658 1919 9754 9898 8835 4528 9842 2986 
220 9503 7186 4486 1435 9702 226 2504 976 9374 8930 5775 
221 3404 3363 3126 2109 2197 7884 5797 2396 3230 2385 2796 2404 41 4884 7267 4199 5064 6827 
222 8646 7552 1927 3274 4241 5525 3724 4555 9650 2283 8759 4035 7949 427 321 
223 8092 138 7338 479 5929 5561 1599 817 832 1879 4667 5129 8830 4020 9852 5821 745 9129 5412 
224 4326 6579 5085 761 2354 6681 7774 8785 6919 6573 2164 2169 4352 2155 6613 79 8994 
225 5825 7028 6757 5360 7298 220 3344 9705 7360 4528 6485 979 6672 2240 
226 8543 6231 7137 2845 7322 77 6993 7659 5893 5090 6801 1353 9357 5156 9244 3074 9842 
227 9959 2685 5886 6316 6652 2314 1904 4121 3202 251 1651 3166 3877 569 8387 2240 8994 3894 9007 
228 5007 5595 8336 1033 6449 122 1696 5189 2107 1408 8342 8953 1085 3751 450 
229 7044 4827 6379 699 6808 7227 4133 989 5168 6078 5990 3752 4786 780 5412 7949 5715 
230 7953 9056 5103 4055 332 2622 4804 5162 7371 4232 5358 7904 1244 1157 
231 6565 2346 7383 1640 1332 7921 445 7611 6985 7723 7575 1581 6550 3541 3543 9842 2240 
232 4835 9878 8514 8715 9197 4266 7453 315 8894 9415 2734 131 8104 352 1934 2340 
233 4147 5958 9255 2343 6281 6873 652 5387 1217 664 4232 118 6724 3326 4236 1978 917 935 8193 6938 2288 5412 5715 
234 4134 9642 5824 3895 2160 8619 6307 8072 9163 8822 4455 3751 6044 
235 9015 3267 6875 1733 2186 3397 2085 9186 5660 2864 8310 3774 8820 4647 6613 7615 3877 
236 4568 2919 6690 2475 3843 9378 6737 5840 6596 9600 9428 8379 1032 7355 4803 
237 250 9093 94 77 5579 7360 7796 4846 1439 9769 1465 7749 3681 8043 7949 
238 2432 8836 1194 3597 7491 1324 210 7839 2128 7256 371 9995 6944 8498 7123 2304 8910 6101 1668 
239 3293 1432 9646 9090 7120 5239 5903 8227 4406 7160 8053 2741 4868 2148 9301 3158 1750 8832 569 7413 6938 5715 
240 8594 2401 9546 2215 382 4255 3714 8823 3929 7284 2403 5198 385 221 1774 8832 3982 5748 
241 4158 4808 8900 3965 6560 1264 7373 4503 4999 5608 3669 9211 7429 3681 3877 9842 3144 4985 79 5340 
242 8061 4328 992 1445 3200 2550 4683 2021 2721 8217 5737 4027 8212 7206 1731 5748 9244 
243 7122 2368 1200 1549 142 7149 1614 9688 5390 2381 1139 7751 4377 1042 2240 4527 2288 
244 3144 1950 6647 9770 6325 5479 8233 5092 1558 1445 4507 5551 6979 8282 9265 79 369 8105 8005 4020 7880 
245 8808 6509 7516 3450 282 6825 7078 8682 2415 1980 1855 1273 2818 7055 5869 6938 
246 8911 4229 9770 6381 2042 2024 2324 729 6723 6725 8212 7683 5219 4901 1774 
247 8785 3336 6172 9315 4939 2275 9601 2617 9473 5812 1666 9510 
248 7248 288 2562 1732 5983 3670 2504 3962 205 1625 9968 2904 3728 5064 5412 
249 8858 4784 1224 9393 8961 7637 5651 797 3714 769 6996 5667 1476 7105 4269 4311 7652 
250 5850 7353 276 9700 544 3785 9305 1033 7911 6538 935 5762 4035 
251 949 8457 8657 453 5777 3599 8970 63 8938 7138 6698 1716 9096 6354 3371 8994 
252 5825 7028 6757 5360 7298 220 3344 9705 7360 4528 6485 979 6672 321 
253 7495 5663 5112 2494 325 7021 6105 5675 850 3263 9969 3620 5446 1036 9461 9623 2155 427 8104 
254 72 2272 4140 4597 3548 7339 9215 7501 1202 5698 7413 1405 7267 3074 1668 
255 6624 4780 6273 6691 8675 1021 2520 4594 8693 9545 7204 9160 3117 8883 5762 
256 7747 7506 1479 7680 2730 6990 9906 7503 5652 1304 4783 5500 5993 4107 4909 8406 6613 
257 915 6454 4080 8841 9258 2920 2488 7381 8158 3417 9825 1904 3015 2414 7762 1121 3894 
258 9229 3707 2403 2971 4580 8337 9343 2904 24 9379 4655 5534 1227 5228 1981 8711 7736 105 450 8832 
259 8538 23 4830 1302 6415 540 3392 3908 5436 2655 5437 
260 8542 9034 5055 493 421 6878 7155 8440 550 7254 4901 1396 3602 2643 7864 4352 
261 9321 6793 7216 3653 6181 1020 7357 2595 2444 3847 4222 4207 9283 9086 7355 847 6705 8907 3827 3111 4314 
262 8061 4328 992 1445 3200 2550 4683 2021 2721 8217 5737 4027 8212 7206 1731 5748 6547 
263 1972 7615 8619 9398 6667 9667 8615 587 572 2169 1075 8830 9244 
264 8543 6231 7137 2845 7322 77 6993 7659 5893 5090 6801 1353 9357 5156 9244 5340 5715 
265 5427 3419 961 3340 4176 4818 6992 992 6551 3597 1039 6945 6482 4352 6327 
266 2925 516 5661 5614 2985 6895 9531 3030 3606 8248 6035 9488 4913 2704 3684 8293 8491 5880 3894 
267 9484 7527 1279 7435 9245 5023 7504 9047 9619 2663 2828 6967 673 397 4027 5762 7762 5446 79 9968 
268 1682 7893 2623 4907 4736 7713 8845 7946 2022 6568 1406 6431 7434 7652 2962 
269 3619 4623 7358 955 7628 7481 1431 1250 4263 2773 3284 7135 8105 8431 1668 935 
270 5007 5595 8336 1033 6449 122 1696 5189 2107 1408 8342 8953 1085 3751 450 
271 34 2499 828 318 2935 631 4744 1767 1344 5750 4967 148 9848 
272 949 8457 8657 453 5777 3599 8970 63 8938 7138 6698 1716 9096 6354 3371 4199 
273 8464 2803 611 5029 3635 291 3167 8289 3025 8469 2461 9464 5715 
274 7389 5468 3888 9131 3563 7785 575 6345 128 1050 676 
275 8098 951 6374 6993 8269 9582 7684 9398 4822 5231 7409 3086 779 9628 8177 9187 8235 9374 8462 1984 7280 7652 
276 4638 6189 3180 5690 7114 695 8030 4973 6011 1673 8053 3832 5826 952 7399 2764 7725 8069 935 2013 7652 6613 
277 7480 8923 5477 9226 7528 7442 5248 7081 9970 7037 5929 6527 7688 8994 7699 
278 4779 2723 3235 1506 307 9355 6401 3905 701 5337 5244 2196 705 1702 3547 1058 79 3894 
279 3481 5611 605 3356 2848 5743 3505 1293 3439 2684 8540 7883 9404 3012 9968 5715 2 
280 2860 5958 5257 7569 174 9392 1878 7213 4431 9273 5384 5925 2479 1592 371 3665 9160 6258 
281 2037 814 6568 4307 1722 5859 8798 323 6462 1944 824 6675 3285 7055 1984 
282 1142 4786 5693 5143 9004 4892 7279 6115 5204 4501 8515 7566 898 7891 569 3835 8212 5762 2 
283 8714 4094 1777 5086 4712 4685 1176 8396 6490 6854 2842 7060 9010 5440 8188 6487 7219 
284 4158 4808 8900 3965 6560 1264 7373 4503 4999 5608 3669 9211 7429 3681 3877 9842 3144 1625 6547 7652 
285 1716 8484 4366 3637 2722 6148 8059 608 4751 6404 8030 8994 321 
286 2430 5084 5000 4538 9887 2145 6509 344 8449 
287 6042 7606 8188 6049 308 8465 4541 7647 1184 7548 5227 810 7980 5039 8209 5097 7029 9443 4526 3936 7949 7762 
288 6882 5178 724 7784 9532 4867 4027 8647 1637 4087 3376 935 7438 3004 2240 
289 1716 8484 4366 3637 2722 6148 8059 608 4751 6404 8030 8994 79 
290 8785 3336 6172 9315 4939 2275 9601 2617 9473 5812 1666 9510 
291 8785 3336 6172 9315 4939 2275 9601 2617 9473 5812 1666 9510 
292 1260 1045 587 8602 9478 22 6383 9360 4158 8098 5386 3958 3561 707 321 
293 592 9774 5666 5881 4444 3885 175 6862 5982 8765 4350 9110 6768 2554 3755 5762 6797 8125 1105 5715 
294 4326 6579 5085 761 2354 6681 7774 8785 6919 6573 2164 2169 4352 2155 79 9007 
295 634 9238 2910 7384 8115 2450 4238 5541 648 1607 8270 5007 3276 8466 374 9573 7285 6458 1668 9007 9968 
296 4568 2919 6690 2475 3843 9378 6737 5840 6596 9600 9428 8379 1032 7355 4803 9968 3012 
297 8738 1272 9921 1626 5342 4651 7305 1105 1330 452 5596 6662 843 5940 4855 
298 4970 6478 8722 4304 874 2369 5302 766 5415 9856 6748 4891 3700 1365 2485 3792 2288 6778 3894 9007 
299 293 946 9554 7261 8520 2688 4387 9733 4505 8014 4120 1299 6285 7413 79 3836 3074 1668 9007 
300 8174 1633 1770 5595 2786 2301 9837 997 977 7130 1924 5993 8389 34 6074 5788 5219 
301 4370 1163 6385 8125 7258 1357 1819 2695 2220 774 6815 3885 2288 
302 3294 7841 711 4778 9146 2634 7535 3238 4174 3954 9533 8005 2555 427 
303 8984 5789 4118 3963 814 5626 8410 2900 6715 8630 2429 183 2340 9483 
304 3256 2913 36 9321 4490 6148 7381 9008 8446 4031 9970 2740 7652 3836 2555 2240 
305 5533 9529 5960 8944 9352 1705 8776 712 4382 1984 5218 711 5148 2263 9299 
306 7122 2368 1200 1549 142 7149 1614 9688 5390 2381 1139 7751 4377 1042 4855 2986 7709 
307 2880 5781 8021 6315 3587 9615 2721 5523 2329 9944 1607 2668 2524 5063 4985 2349 2929 7120 2986 3163 5445 6327 7762 935 
308 757 5326 242 6027 9305 6686 1020 7556 9241 7307 3896 3543 9347 569 
309 3172 6402 8953 8000 9646 3019 868 9291 3608 7881 7261 6244 8830 
310 2017 4243 9172 4414 667 1551 2871 4995 179 6187 3316 9032 7563 5086 1174 2553 2662 9991 2003 9712 238 
311 2824 9001 4763 7215 2071 9167 1509 620 9920 7130 9431 3111 3074 1125 3316 8134 7153 9533 2 
312 4508 5540 4071 3657 1981 7162 3048 9834 6300 37 1273 1693 1128 4223 1042 9555 2962 9968 2240 9533 
313 4684 6311 5592 915 2672 2217 1416 6918 3523 9468 4045 2962 
314 7870 7559 8807 4739 8213 7816 7196 663 4938 919 8462 1248 8293 6613 1774 3074 
315 3745 5737 7923 6005 3390 3418 2622 4981 1702 1757 1984 6404 7517 5219 2643 
316 4728 8828 8789 3123 8298 5538 472 8434 3579 5257 1973 9216 3784 5341 
317 5816 4716 3563 2077 884 265 7779 4997 5727 1523 8809 3641 914 9013 2983 7699 
318 1336 583 847 8786 6554 468 8493 5115 2979 5386 6338 8424 7734 2730 2003 5295 1982 7498 7193 8431 7652 3012 6938 8125 
319 4840 5363 5521 5244 180 9687 946 7689 2880 7777 3092 3354 6537 2986 935 9848 
320 3983 1456 9808 7965 6763 2685 6234 3365 5602 706 3656 2898 2962 9533 
321 8588 734 6183 7843 8410 2628 3628 166 6627 9483 7742 4901 4311 3584 2962 7949 2240 2288 7652 7438 
322 9409 8767 3616 4364 9057 4828 5289 3820 6356 7136 183 4177 8584 2139 5451 7883 935 
323 8597 9711 41 5300 7060 5965 4124 4356 3182 8628 3432 7241 2264 2537 780 5458 5437 6547 9199 
324 3537 8581 301 4761 7734 3422 4242 2948 111 2769 4063 1934 4230 6458 7713 9007 1774 
325 7321 1721 8913 5624 8272 5456 5013 2583 3087 9156 84 5564 6584 
326 996 302 8413 7629 7603 6624 2138 1458 8171 3376 782 4531 7736 2 838 
327 3454 2850 4532 5424 2696 7567 6510 6001 7975 7399 5455 7411 3836 2304 9483 8491 5340 6938 
328 3787 259 2956 5023 4490 1450 4183 7289 3672 3714 6694 7121 4087 2856 5962 
329 8600 3195 1903 6763 9568 8893 1948 1059 7299 179 2778 8633 9968 
330 4662 6132 7143 2476 482 9018 6347 9671 862 734 8229 3707 5064 6611 18 5869 2790 450 5748 
331 9428 4158 8583 5391 7352 7847 9263 7987 8195 3073 1796 5059 6701 7320 9407 1900 5962 5063 2 511 
332 9933 5909 7492 4341 2506 4185 178 8455 9928 3333 9159 6345 6101 4199 7762 
333 6008 3609 7459 2485 153 4510 8495 9255 7487 7157 2251 6141 4811 3384 374 6537 5899 1979 7883 935 9007 
334 2469 9475 2161 7776 4037 5226 4754 3473 9044 5413 7142 3877 1668 
335 7409 8732 4270 6105 6507 6778 7747 7526 7351 6871 9147 9924 7606 7347 9192 1979 7688 5997 3377 5099 2986 6030 6613 
336 7901 715 5964 4253 5747 9159 3262 3746 9031 2391 1568 76 4727 6935 5307 9261 2307 2662 9968 2 
337 6522 8653 3442 6205 7726 8940 1017 8926 412 6810 1429 2858 8663 2643 
338 8588 734 6183 7843 8410 2628 3628 166 6627 9483 7742 4901 4311 3584 2962 7949 5962 8994 2327 
339 4291 6258 8348 5110 7573 2038 2504 9839 777 7199 9189 1978 6465 
340 2272 5534 3794 1075 78 6165 7447 1763 731 9184 6391 9954 2340 4269 4341 1134 2288 
341 9885 9643 4524 5166 6848 2536 5032 7935 2701 6952 6482 6141 2209 7709 9023 367 9842 7949 2962 
342 8899 9395 7192 9283 2035 2326 9188 5232 7246 8247 2381 4709 369 6621 1454 205 9265 2288 
343 2008 3870 4097 7963 2641 4938 3012 2465 2419 4204 7488 4531 3077 3936 9533 
344 4291 3277 9167 672 1882 9959 1350 3779 203 9465 643 4628 1668 6360 
345 3214 9972 4650 2081 3535 7074 9015 5842 1309 4150 3982 1763 352 7438 9968 7762 
346 6974 6607 7026 1657 4304 5871 551 8609 3542 7041 5667 5195 3703 9199 5064 7762 1299 
347 6042 7606 8188 6049 308 8465 4541 7647 1184 7548 5227 810 7980 5039 8209 5097 7029 9443 4526 3936 7949 935 
348 8880 2515 6341 2466 9413 5533 854 4076 216 6588 2404 9741 7956 4340 9007 3936 7153 
349 4086 8081 4674 6095 7741 6413 4522 2867 88 9930 6144 6203 1708 8762 6861 2349 6151 6434 5674 5880 3936 7699 
350 8461 1379 1574 5809 4054 5885 7563 3536 226 4854 4315 759 2155 
351 4422 6205 2858 3253 8806 5334 5102 3279 8143 2792 1560 9443 4314 427 321 
352 3501 335 6861 9331 5665 2556 955 7939 3272 6500 6547 
353 1319 199 5038 7043 3396 4364 6459 3697 5794 5399 4857 2168 8769 1039 8242 4314 1873 5445 321 
354 2000 1620 8331 4181 5163 9956 5186 3064 7605 5217 4415 1718 847 4864 9637 2790 6920 9533 3144 2962 
355 6008 3609 7459 2485 153 4510 8495 9255 7487 7157 2251 6141 4811 3384 374 6537 5899 1979 
356 524 8353 4505 1683 428 5556 4959 5044 7087 8021 4846 906 2486 5862 6699 6613 
357 3586 1408 2325 5809 9902 8902 9488 1278 4280 678 4999 3932 9549 2600 2630 7413 6030 1534 3830 3982 
358 6964 3961 5036 96 3824 1044 5466 3542 3005 8768 4066 8722 9265 5917 246 545 3004 3836 447 3012 4035 
359 3977 5899 8480 7234 1577 5228 6695 9887 8652 435 8045 6552 8775 9245 7049 6324 9968 
360 8067 544 6018 1311 8344 3318 7067 691 9251 4890 4267 1037 4060 9565 5821 6986 6465 6613 979 3032 321 
361 7021 9485 2609 7048 9050 6000 1152 9129 6764 1521 7006 7977 3751 3839 2615 8994 7880 9968 979 6827 1668 
362 3604 196 1851 4237 106 1419 9075 315 5186 9782 4801 3982 79 
363 5533 9529 5960 8944 9352 1705 8776 712 4382 1984 5218 711 5148 2263 9299 8125 
364 2432 8836 1194 3597 7491 1324 210 7839 2128 7256 371 9995 6944 8498 7123 2304 8910 6101 1668 
365 3510 5804 6601 5155 3336 7480 5831 7 5126 4260 8887 8903 6382 8362 5654 1299 8055 8423 5531 1496 719 3894 
366 6624 4780 6273 6691 8675 1021 2520 4594 8693 9545 7204 9160 3117 8883 8406 
367 9862 1219 4059 7680 5683 864 2045 4754 7912 221 780 7240 7699 5412 6613 
368 1767 8699 4908 7811 8758 5481 2319 1323 868 4148 2802 7010 3700 2198 7088 7710 5848 5748 
369 8464 2803 611 5029 3635 291 3167 8289 3025 8469 2461 9464 2962 
370 29 2780 1650 1548 5005 2369 7301 8440 6002 450 670 979 
371 3536 6823 1789 7962 2455 7916 1333 7205 2028 44 2668 9461 1668 3012 
372 8739 2745 70 10 6175 2176 7304 4257 5379 7114 3132 2657 8784 5710 8910 321 79 
373 3604 196 1851 4237 106 1419 9075 315 5186 9782 4801 3982 79 
374 3256 2913 36 9321 4490 6148 7381 9008 8446 4031 9970 2740 7652 3836 2555 
375 7231 6872 220 8159 5003 8249 11 2467 9576 1890 8069 6492 3964 2340 7153 8994 
376 3586 1408 2325 5809 9902 8902 9488 1278 4280 678 4999 3932 9549 2600 2630 7413 6030 1534 3830 7296 
377 9350 3599 4824 1996 5211 8664 3479 4066 5611 718 9422 5257 5443 1375 7304 5412 6030 6547 3074 2986 
378 3947 4116 2169 6465 7022 3744 962 264 7170 7880 8375 8592 7997 5219 9842 3316 
379 8984 5789 4118 3963 814 5626 8410 2900 6715 8630 2429 183 2340 9483 
380 3084 2711 233 9233 183 8637 7082 9744 2926 9685 4190 4721 8423 7285 7413 
381 949 8457 8657 453 5777 3599 8970 63 8938 7138 6698 1716 9096 6354 3371 2555 5715 
382 9743 4710 7247 7530 3512 6173 3460 8371 9443 7213 1041 8136 4037 1431 9281 3015 9407 828 8005 2962 
383 9409 8767 3616 4364 9057 4828 5289 3820 6356 7136 183 4177 8584 2139 5451 7883 6613 
384 8163 7114 2977 1542 1569 9252 3083 2974 7250 2079 2105 6334 5413 7820 3012 148 935 
385 8106 9882 9348 3227 9417 9365 8269 4238 1250 4433 3778 6310 6161 2962 7880 
386 7389 5468 3888 9131 3563 7785 575 6345 128 1050 676 5715 
387 7627 912 833 1718 3377 3774 6572 9068 7806 2494 1646 9496 9842 
388 7784 2458 1687 6214 4460 9422 6909 3682 1782 9176 802 952 1984 
389 7489 9711 9800 4899 6663 1798 9856 2026 6160 5836 9250 6967 6134 6920 6817 8293 8994 
390 3193 9760 1307 1130 62 4688 6092 2155 7959 5817 3588 3083 311 1121 979 9007 2 
391 7885 4429 8263 3320 2235 7123 3125 5728 6052 9387 3741 3100 4304 5807 7586 7713 7949 9244 311 3074 
392 1004 4540 7986 8306 6506 6062 8413 2335 9327 9681 2783 9705 6404 420 6020 3936 
393 3152 1081 1940 7961 948 2998 5527 8764 5926 2210 14 4760 6045 6054 427 2 
394 3594 8779 2406 7956 2143 8650 8385 946 2100 2484 7664 7820 9029 7880 6986 321 
395 8357 7112 8822 3308 1634 4892 6645 4549 2882 3111 182 1091 5177 7968 321 
396 7248 288 2562 1732 5983 3670 2504 3962 205 1625 9968 2904 3728 1979 8994 
397 4835 9878 8514 8715 9197 4266 7453 315 8894 9415 2734 131 8104 352 1934 2340 
398 4995 8580 6089 1665 4998 5566 3808 6755 2593 3183 8070 2203 6295 3792 3543 3981 8671 3012 979 
399 117 2628 1229 9762 3210 7265 5442 4270 2213 2486 2555 79 
400 6974 6607 7026 1657 4304 5871 551 8609 3542 7041 5667 5195 3703 9199 5064 7762 935 2288 
401 9302 2736 141 8699 9016 5453 1768 7485 166 1312 1365 4222 1295 5880 
402 4422 6205 2858 3253 8806 5334 5102 3279 8143 2792 1560 9443 4314 2986 
403 2212 4431 7470 1890 3780 1353 8924 895 8585 4436 1876 2343 9781 18 1091 5677 2904 4801 2986 5880 
404 1176 458 8627 8562 7371 1243 7208 2269 7412 542 6547 7050 3981 5507 3830 8994 2 
405 3751 4653 2263 7733 8665 6287 9462 5062 603 8972 446 5787 7485 6021 6547 5064 3304 1710 4314 6613 
406 8471 734 5234 3147 2017 7943 4896 1777 3837 3417 4268 9194 1368 3004 9990 5412 321 
407 3059 2263 8889 940 5906 6398 8882 6548 7931 9239 301 9955 5869 321 
408 1558 7288 3895 9067 5738 6654 6087 5472 9851 9261 6447 3356 4176 6778 5437 2121 7240 3074 
409 613 1274 2234 6950 6419 421 8240 8471 7972 8297 7101 2962 9244 
410 9484 7527 1279 7435 9245 5023 7504 9047 9619 2663 2828 6967 673 397 4027 5762 7762 5446 3936 
411 8467 7228 2699 7947 1107 3710 8035 6184 624 7077 4909 5637 7457 
412 2938 2741 5754 8425 3401 2191 3291 8951 1402 7885 5852 4769 3783 183 79 5340 
413 4835 9878 8514 8715 9197 4266 7453 315 8894 9415 2734 131 8104 352 1934 2340 
414 624 2462 8267 5947 4218 7376 7087 8867 8071 3272 4698 4094 4159 8853 6236 2 447 
415 8486 2302 7940 5371 5873 3462 7603 3883 5431 4899 4517 4528 9139 
416 6882 5178 724 7784 9532 4867 4027 8647 1637 4087 3376 935 7438 3004 
417 7903 5202 2258 8904 5232 1737 3048 387 1226 7802 2115 2264 3707 5006 8098 6584 2240 
418 449 8861 7223 4166 3655 3286 7070 6170 283 8069 9605 7709 3354 9669 6827 3758 
419 3310 530 29 286 5016 8241 1055 6720 7038 1134 8387 2943 4985 1868 8284 
420 8067 544 6018 1311 8344 3318 7067 691 9251 4890 4267 1037 4060 9565 5821 6986 6465 6613 2643 1668 7699 2240 
421 4014 1238 1242 8742 4829 3251 6102 8743 6846 85 9747 4057 2327 9903 447 6613 3982 
422 1674 5923 4301 2389 3796 8459 3573 5946 3553 1542 8521 5269 7180 2867 7206 199 5445 9244 2240 
423 2129 8999 336 4121 6449 1743 1830 8746 7000 9833 183 9453 6613 79 5962 
424 7775 7883 3018 8728 4766 6958 6276 4076 6730 6079 3106 7216 6163 8307 4437 79 2240 
425 532 8718 8160 4746 4015 4426 8511 5730 5935 8844 6613 3852 7852 8470 2555 9968 321 5880 
426 5442 8413 3548 385 1483 710 8172 957 7023 4942 2175 6187 7219 2962 
427 1336 583 847 8786 6554 468 8493 5115 2979 5386 6338 8424 7734 2730 2003 5295 1982 7498 7193 8431 2555 7153 3877 7762 
428 9366 7901 7980 639 5015 8382 7340 6015 1793 6153 7560 7787 8116 7652 
429 8399 844 9839 8408 4378 7625 9035 5472 9380 6187 3160 9296 3509 5880 
430 3172 6402 8953 8000 9646 3019 868 9291 3608 7881 7261 6244 8830 79 2986 2 
431 3097 136 6065 7218 956 9566 7880 3613 4091 9091 2156 5454 9883 8302 1429 5880 
432 7389 5468 3888 9131 3563 7785 575 6345 128 1050 676 2 
433 7870 7559 8807 4739 8213 7816 7196 663 4938 919 8462 1248 8293 6613 8005 2962 
434 4195 9159 7197 529 9954 6863 379 4749 1773 9280 4933 3227 1749 3567 2643 9244 1668 
435 1004 4540 7986 8306 6506 6062 8413 2335 9327 9681 2783 9705 6404 420 6020 9842 3894 
436 8646 7552 1927 3274 4241 5525 3724 4555 9650 2283 8759 4035 2121 
437 4986 3755 2796 782 5283 7663 9781 643 6572 9804 9296 4474 7740 2943 2962 
438 9161 854 6143 5359 1014 1841 4463 6493 3324 6159 9969 4828 8722 4129 1299 3074 
439 250 9093 94 77 5579 7360 7796 4846 1439 9769 1465 7749 3681 8043 3012 
440 8145 2483 8424 6952 3584 1912 4202 7262 7748 8666 1942 9510 4153 4698 7861 7053 9071 1176 527 3160 
441 6609 5503 9445 7544 6364 1800 9488 8392 6085 9591 2224 8830 2013 1625 2240 2962 
442 7233 7167 6000 4936 863 3913 5124 7204 4935 6474 1188 3513 6140 4504 7542 6262 7055 8487 2555 7413 5880 3936 
443 2804 1215 1555 4294 2992 5429 3338 69 645 6938 2587 2291 5548 9290 1343 979 
444 2296 8520 9262 1297 5127 175 827 6279 4340 4564 7575 311 1934 8491 
445 1176 458 8627 8562 7371 1243 7208 2269 7412 542 6547 7050 3981 5507 9129 321 
446 4821 55 5795 7522 8457 9611 6866 4026 5505 4177 3950 6765 1538 8498 2555 9224 1534 2240 6613 
447 2903 8513 9898 1198 7692 7948 9181 6064 6797 2967 8238 5864 4020 
448 210 9505 9650 5181 4527 8972 6561 4883 3342 4347 9438 1436 6015 79 8195 3836 3074 1668 5748 
449 3404 3363 3126 2109 2197 7884 5797 2396 3230 2385 2796 2404 41 4884 7267 4199 5064 6827 
450 2379 3770 6318 6786 969 844 2655 2015 8185 2962 
451 8061 4328 992 1445 3200 2550 4683 2021 2721 8217 5737 4027 8212 7206 1731 5748 427 7153 2962 
452 250 9093 94 77 5579 7360 7796 4846 1439 9769 1465 7749 3681 8043 7949 
453 4310 395 4386 5856 4511 6102 5940 5943 9351 6221 978 312 6739 6134 7699 3758 5715 3894 
454 7807 8278 9558 2727 5883 6704 7662 8193 4389 7039 3812 6134 5386 5726 
455 3121 9683 1574 7698 6937 5618 4737 2862 9139 6506 2255 8405 1912 9255 4855 3781 1546 937 2240 935 9968 
456 4684 6311 5592 915 2672 2217 1416 6918 3523 9468 4045 2962 
457 4195 9159 7197 529 9954 6863 379 4749 1773 9280 4933 3227 1749 3567 2643 9244 7949 
458 1176 458 8627 8562 7371 1243 7208 2269 7412 542 6547 7050 3981 5507 79 2288 3012 7699 
459 9862 1219 4059 7680 5683 864 2045 4754 7912 221 780 7240 7699 5412 7652 
460 9776 4795 8337 2249 6991 6990 7738 1545 5252 4824 7883 79 2240 
461 6507 1181 6176 9818 8358 4988 9787 8042 1072 7939 5502 3808 4746 2173 1119 325 2383 9040 3894 
462 2215 4646 9675 6309 6491 964 3968 8430 4665 8005 5185 9199 1625 2704 4340 
463 3727 2371 4911 1096 6191 1214 6379 1359 1454 1337 860 2643 9244 9545 321 
464 7289 9604 3653 4782 2961 9764 6257 2291 1738 9210 9119 6081 3158 7240 1984 6538 
465 7231 6872 220 8159 5003 8249 11 2467 9576 1890 8069 6492 3964 2340 8125 
466 6275 8980 8060 9342 4822 8753 9935 2262 3627 6068 3718 8252 1555 7899 3050 7575 
467 1319 199 5038 7043 3396 4364 6459 3697 5794 5399 4857 2168 8769 1039 8242 4314 1873 5445 2 
468 6599 208 8407 3721 3320 5230 9828 3602 6216 8671 3895 6607 3355 7023 6899 9118 417 9970 3543 7517 3830 
469 8467 7228 2699 7947 1107 3710 8035 6184 624 7077 4909 5637 7457 
470 5442 8413 3548 385 1483 710 8172 957 7023 4942 2175 6187 7219 
471 8707 8604 3202 7770 2228 1135 8051 2709 943 3124 5307 6061 1134 6141 
472 3310 530 29 286 5016 8241 1055 6720 7038 1134 8387 2943 4985 1868 8284 
473 8357 7112 8822 3308 1634 4892 6645 4549 2882 3111 182 1091 5177 7968 321 
474 3665 3077 7799 2817 7839 6112 9766 3084 9676 2918 7686 5779 4558 6613 9968 
475 72 2272 4140 4597 3548 7339 9215 7501 1202 5698 7413 1405 7267 3074 321 
476 9711 3541 5392 4137 9170 1745 1331 9851 9386 6538 1465 5962 
477 5365 9798 5933 6345 9440 4170 9056 953 5202 9271 6002 1715 829 2052 2184 9461 4340 3936 2 
478 1682 7893 2623 4907 4736 7713 8845 7946 2022 6568 1406 6431 7434 8994 5715 
479 3812 1625 901 3802 3700 1838 2953 6157 5560 760 7305 5704 7241 1940 4399 2555 
480 2215 4646 9675 6309 6491 964 3968 8430 4665 8005 5185 9199 1625 2704 4340 
481 4422 6205 2858 3253 8806 5334 5102 3279 8143 2792 1560 9443 4314 2240 427 
482 2215 4646 9675 6309 6491 964 3968 8430 4665 8005 5185 9199 1625 2704 4340 
483 4739 9587 1218 3504 9595 8072 5012 5744 1929 7445 6188 2218 358 8910 9453 2 79 
484 8080 9722 1611 5339 1477 6192 1439 9675 2663 4875 4928 4720 2294 7240 8751 1501 5412 
485 9321 6793 7216 3653 6181 1020 7357 2595 2444 3847 4222 4207 9283 9086 7355 847 6705 8907 3827 3111 4901 
486 7522 9510 240 5152 2290 1115 4830 8152 4735 3584 7997 6545 321 
487 7627 912 833 1718 3377 3774 6572 9068 7806 2494 1646 9496 9842 
488 3097 136 6065 7218 956 9566 7880 3613 4091 9091 2156 5454 9883 8302 1429 5880 
489 7904 2228 7500 6762 9640 876 7510 4324 6011 1562 7499 7452 1554 4372 8020 5449 7742 5072 
490 4779 2723 3235 1506 307 9355 6401 3905 701 5337 5244 2196 705 1702 3547 1058 
491 3787 259 2956 5023 4490 1450 4183 7289 3672 3714 6694 7121 4087 2856 3877 
492 2796 1945 9654 8211 291 7679 7894 7292 6379 2754 8598 9139 5356 9669 9444 420 447 3936 5715 
493 8517 6422 6628 3207 8326 230 4903 8937 9406 8043 6115 3630 3012 427 9533 
494 22 4534 7234 3080 8787 885 7407 3242 9954 3597 4702 8133 7996 6614 2740 9013 2001 6765 5064 238 4020 6258 4527 321 
495 9015 3267 6875 1733 2186 3397 2085 9186 5660 2864 8310 3774 8820 4647 6613 7615 
496 6693 3471 308 4424 9250 8947 8271 5508 8412 4341 7486 3261 321 
497 6918 8571 7270 6520 6775 2997 6055 9695 9304 6853 238 6584 8644 
498 8010 213 3508 2313 2567 1328 8367 4349 4630 7787 8702 8834 4354 2240 5412 2288 
499 3928 2998 8029 7250 2425 1476 7244 3987 1532 4685 6222 3961 4352 4624 6101 
